0 15 21 18 0 10 0 3 22 0 5 0 0 9 0 0 0 0 0 0 0 25 19 11 0
0 0 2 25 0 21 0 15 0 0 6 7 24 20 0 0 0 0 0 16 9 3 12 0 0
0 12 10 7 0 0 13 9 20 0 15 0 3 1 25 5 18 0 0 19 6 14 0 16 0
20 0 0 24 0 0 0 11 0 5 0 14 18 0 0 0 0 0 0 23 0 1 0 0 0
6 3 1 0 0 0 0 17 0 0 0 0 0 19 8 0 15 12 10 0 0 20 5 0 4
0 0 0 21 8 0 0 0 4 0 14 20 0 0 0 25 0 0 15 0 12 0 9 6 0
9 0 16 0 0 0 24 0 17 0 22 0 0 25 0 2 23 13 1 0 0 0 15 0 0
0 0 24 12 18 0 0 0 0 0 16 0 15 13 0 0 11 0 0 7 0 0 0 0 8
15 0 20 0 10 0 1 22 18 19 24 0 2 0 0 16 9 8 0 14 0 0 3 17 21
17 0 23 13 0 15 0 0 0 0 0 19 0 12 0 0 0 6 5 0 2 0 0 0 0
24 6 0 11 0 23 0 12 9 17 0 0 0 0 22 19 0 25 2 0 14 0 20 0 0
0 0 17 16 0 18 0 0 8 2 0 23 0 4 0 0 13 0 6 15 0 24 0 21 11
0 7 0 0 0 0 5 25 6 0 0 0 19 0 0 0 20 14 9 0 0 0 0 13 0
12 2 0 14 0 13 21 0 19 0 0 8 0 7 0 22 1 0 0 11 0 6 23 0 0
0 0 5 0 9 0 11 4 0 10 13 0 0 0 0 12 3 21 0 24 0 18 0 19 2
0 0 0 0 19 0 22 8 0 0 0 15 0 24 0 0 0 0 0 18 0 2 25 0 14
18 14 11 0 0 19 0 1 10 25 0 0 6 0 17 3 5 9 24 0 15 0 4 0 7
13 0 0 0 0 12 0 0 2 0 0 9 21 0 14 0 0 0 0 0 24 16 22 0 0
0 0 15 0 0 0 18 23 13 11 0 16 0 0 2 0 12 0 22 0 0 0 10 0 3
0 8 12 0 16 0 20 0 0 3 0 0 0 18 13 0 25 0 0 0 5 17 0 0 0
23 0 6 1 0 0 4 5 11 0 18 10 0 0 0 0 0 3 0 0 0 0 2 15 17
0 0 0 9 0 20 0 0 0 0 0 0 4 22 0 14 0 23 0 0 0 12 0 0 18
0 16 0 10 24 17 0 0 15 13 2 1 9 0 5 0 21 4 25 0 0 7 6 20 0
0 0 13 20 12 22 0 0 0 0 0 17 23 21 19 0 0 15 0 9 0 10 16 0 0
0 18 22 4 0 0 0 0 0 0 0 12 0 0 6 0 19 1 0 20 0 9 14 24 0