18 0 0 0 9 0 6 7 0 0 0 0 0 15 0 0 0 0 0 0 17 0 0 0 5 
11 20 5 3 12 19 13 0 0 0 25 1 0 0 0 8 0 0 10 0 0 16 14 0 24 
16 24 0 0 0 10 0 1 20 14 0 0 0 22 0 23 0 0 0 0 3 21 19 0 0 
0 23 8 1 0 5 2 16 0 0 10 9 6 0 24 0 0 0 0 7 0 0 0 0 25 
0 13 2 22 7 0 0 0 0 12 14 0 18 0 16 0 0 21 17 0 0 0 0 0 4 
0 7 19 0 10 4 3 0 23 16 0 18 0 21 9 0 5 0 0 12 25 1 11 8 0 
0 8 0 13 23 14 0 9 0 0 0 10 12 0 0 0 3 0 22 16 4 19 0 0 15 
0 0 0 0 24 0 0 0 13 6 4 0 23 0 3 18 1 8 11 0 0 2 0 0 12 
14 0 4 6 0 22 12 0 0 0 0 19 0 17 0 25 10 0 24 23 0 0 0 0 21 
0 11 0 16 0 0 0 0 0 5 1 0 14 0 0 0 0 17 9 0 0 20 0 7 18 
0 0 20 0 0 0 5 0 21 24 0 0 7 0 0 4 0 0 0 0 2 11 0 0 0 
0 5 0 17 0 8 23 0 0 3 0 0 0 0 0 0 16 0 0 9 0 0 0 15 0 
0 0 12 0 0 15 0 18 4 0 23 0 0 0 21 0 2 6 0 13 0 0 10 0 0 
0 9 0 0 0 6 0 0 16 0 0 0 0 0 0 5 0 0 25 17 0 18 0 13 0 
0 0 0 2 15 0 0 0 0 11 0 0 25 0 0 1 23 0 21 0 0 0 17 0 0 
22 10 0 18 0 0 17 3 0 0 0 0 24 0 23 6 0 0 0 0 0 13 0 25 0 
20 0 0 0 0 25 22 0 5 13 0 2 0 11 0 0 0 0 23 8 0 7 16 0 10 
25 0 0 7 0 0 21 11 9 1 17 0 15 0 19 16 13 0 0 0 18 0 0 0 0 
17 0 0 24 8 7 15 0 6 0 0 0 5 14 0 0 0 22 0 1 19 3 0 12 0 
0 6 3 12 14 18 0 0 24 0 22 13 0 10 0 20 25 0 19 21 23 0 5 17 0 
10 0 0 0 0 0 7 6 0 0 21 0 2 0 15 17 0 0 0 0 13 5 24 11 0 
5 0 0 0 0 2 0 0 0 0 11 0 16 9 14 0 0 25 8 20 0 6 15 21 0 
0 0 24 25 6 0 0 0 0 15 0 12 0 0 0 10 21 7 0 11 0 0 0 18 9 
23 0 21 4 0 0 20 0 0 9 0 0 0 7 25 0 0 0 15 14 22 10 2 16 8 
2 0 0 0 13 0 0 0 0 0 0 17 0 0 0 0 0 16 1 0 14 0 0 0 23