3 4 13 0 2 0 0 0 14 0 8 0 6 0 1 16
0 0 7 0 0 0 3 8 0 5 0 1 0 0 10 0
0 10 0 0 0 0 13 0 0 0 16 0 0 0 0 0
0 12 0 16 0 6 0 14 13 10 0 3 0 7 4 0
0 16 1 10 3 13 4 0 0 0 6 0 11 9 14 8
0 13 9 6 8 11 2 1 10 14 5 4 12 0 0 0
4 3 14 0 0 12 0 0 8 0 0 13 2 0 7 0
12 15 0 0 6 0 0 0 0 0 0 0 0 1 0 4
16 0 3 0 0 0 0 0 0 0 0 15 0 0 8 10
0 11 0 9 1 0 0 12 0 0 14 0 0 4 5 6
0 0 0 13 7 8 10 9 11 4 2 5 1 3 16 0
8 1 4 12 0 3 0 0 0 6 7 10 15 2 9 0
0 8 12 0 15 0 7 6 9 0 4 0 3 0 2 0
0 0 0 0 0 4 0 0 0 7 0 0 0 0 15 0
0 7 0 0 5 0 16 0 15 8 0 0 0 13 0 0
10 2 0 15 0 9 0 11 0 0 0 14 0 8 6 7