0 0 0 0 13 0 6 0 7 0 16 15 8 0 0 11
6 0 15 10 11 1 7 0 2 13 0 4 9 3 12 14
1 0 8 0 3 15 10 9 0 0 5 11 0 13 16 4
0 0 11 4 0 0 0 0 12 9 1 0 0 0 6 0
13 0 0 0 8 0 0 11 10 0 6 9 0 0 4 0
0 0 0 11 6 0 0 0 0 4 0 0 0 0 0 0
0 15 0 0 0 7 0 0 3 0 11 13 14 0 10 2
0 0 6 12 0 13 14 0 1 0 7 8 0 0 15 0
0 3 0 0 12 6 0 8 0 7 9 0 13 16 0 0
7 6 0 5 9 10 0 13 0 0 14 0 0 0 2 0
0 0 0 0 0 0 11 0 0 0 0 12 5 0 0 0
0 11 0 0 5 14 0 3 8 0 0 1 0 0 0 12
0 10 0 0 0 5 13 7 0 0 0 0 4 12 0 0
12 5 1 0 14 11 0 0 4 15 2 6 0 7 0 3
11 7 3 14 15 0 12 4 0 8 13 10 6 2 0 5
15 0 0 16 1 2 0 6 0 11 0 7 0 0 0 0