8 12 10 6 0 0 3 15 0 0 11 0 4 13 16 5
0 7 9 14 13 8 11 16 0 0 6 12 10 0 1 2
2 11 4 0 1 12 0 0 0 14 0 0 8 0 15 0
16 15 0 0 0 0 0 0 0 0 0 5 14 12 0 0
6 16 0 12 5 0 0 0 0 0 0 13 0 4 0 0
13 10 7 8 16 0 0 0 2 0 14 0 0 5 0 1
0 0 0 0 0 11 14 0 0 0 0 0 16 0 0 0
11 0 14 3 0 10 13 0 0 1 0 0 9 0 7 12
1 3 0 4 0 0 7 0 0 5 16 0 12 9 0 14
0 0 0 11 0 0 0 0 0 4 7 0 0 0 0 0
7 0 8 0 0 16 0 11 0 0 0 9 1 10 3 4
0 0 12 0 8 0 0 0 0 0 0 15 7 0 13 16
0 0 1 16 14 0 0 0 0 0 0 0 0 0 9 10
0 8 0 10 0 0 1 0 0 0 5 14 0 16 12 7
4 14 0 9 12 7 0 0 11 13 8 10 5 1 2 0
12 2 11 7 0 5 0 0 15 16 0 0 13 14 4 3