12 8 9 3 0 0 0 0 6 5 7 16 0 0 0 0
10 5 16 6 1 7 8 0 2 15 3 0 14 0 11 4
14 15 0 0 0 10 0 16 9 0 0 0 0 0 12 8
13 1 0 2 0 15 5 6 14 4 10 0 0 0 0 16
0 4 7 0 10 14 11 8 16 0 0 0 0 12 0 0
1 0 0 10 0 0 6 0 0 7 0 0 11 8 0 5
16 0 0 0 0 0 15 0 0 0 0 13 4 0 0 0
0 6 0 0 2 0 0 0 0 0 0 0 15 7 16 14
4 3 5 12 0 0 0 0 0 0 0 7 0 0 6 0
0 0 0 14 5 0 0 0 0 2 0 0 0 0 0 11
11 0 2 15 0 0 9 0 0 12 0 0 10 0 0 13
0 0 8 0 0 0 0 2 11 1 14 10 0 4 5 0
8 0 0 0 0 3 1 10 13 14 12 0 6 0 4 7
2 9 0 0 0 0 0 15 7 0 1 0 0 0 14 12
3 12 0 4 0 11 7 14 0 6 16 15 13 1 2 9
0 0 0 0 6 2 13 12 0 0 0 0 16 11 15 3