0 5 0 13 0 0 0 0 0 2 11 0 6 0 4 15
0 0 0 12 5 0 8 13 0 0 3 0 0 11 2 0
0 0 0 0 0 2 0 16 0 4 0 12 3 0 0 0
0 8 3 1 11 0 0 7 0 10 9 15 14 0 5 0
0 2 0 6 0 5 0 0 12 15 10 0 9 0 0 11
11 0 1 0 14 8 10 0 0 0 0 3 0 0 12 6
0 0 0 3 0 7 2 0 11 9 14 5 0 0 0 0
0 0 12 0 0 0 0 0 0 0 0 13 16 5 0 0
0 0 15 11 4 0 0 0 0 0 0 0 0 2 0 0
0 0 0 0 13 9 11 2 0 3 12 0 5 0 0 0
7 3 0 0 10 0 0 0 0 6 1 11 0 9 0 14
5 0 0 16 0 1 15 6 0 0 2 0 8 0 11 0
0 10 0 14 2 4 3 0 8 0 0 6 13 16 1 0
0 0 0 9 1 0 16 0 3 0 15 0 0 0 0 0
0 6 13 0 0 14 0 0 9 5 0 4 12 0 0 0
3 16 0 8 0 15 6 0 0 0 0 0 2 0 9 0