15 1 9 0 14 13 16 0 12 0 3 0 11 7 8 0
12 7 0 0 0 0 0 0 0 1 8 0 0 0 9 10
5 0 16 14 4 11 6 0 13 0 0 0 0 15 1 0
0 0 0 0 0 0 9 12 0 0 0 6 13 0 0 0
0 3 0 0 8 0 13 0 6 14 12 4 15 10 0 0
0 0 0 0 0 16 15 0 0 11 0 10 0 5 0 0
0 0 7 0 9 4 0 0 0 0 0 15 0 13 0 0
8 0 0 2 0 0 0 0 0 0 9 0 12 1 14 7
2 9 6 15 0 12 0 0 0 0 0 0 1 0 0 5
0 0 14 0 2 0 0 0 0 0 16 5 0 6 0 0
0 0 5 0 10 0 8 0 0 15 6 0 0 0 0 0
0 0 8 1 6 15 14 5 0 2 0 3 0 0 7 0
0 0 0 3 7 0 0 0 2 12 0 0 0 0 0 0
0 15 4 0 0 0 0 2 0 16 7 1 5 8 0 6
16 5 0 0 0 6 11 0 0 0 0 0 0 0 13 1
0 8 1 13 0 5 0 16 0 6 4 9 0 14 10 2