13 0 0 0 2 0 8 0 0 16 6 12 5 4 0 0
0 8 6 14 15 0 0 0 0 10 0 0 0 7 2 1
0 0 1 15 0 13 0 0 0 8 3 0 12 0 0 0
0 0 0 0 4 16 0 0 0 14 11 0 0 8 13 0
0 13 5 16 0 1 0 0 0 11 0 15 0 0 7 6
11 0 0 0 0 0 6 4 0 0 0 13 0 0 15 0
6 0 0 3 0 0 0 0 0 0 8 0 0 0 0 0
0 0 0 0 8 0 0 16 0 12 0 6 0 3 10 5
15 6 2 0 11 0 1 0 5 0 0 8 0 0 0 0
0 0 0 0 0 15 0 0 0 0 0 0 3 0 0 13
0 1 0 0 3 0 0 0 16 9 0 0 0 0 0 10
9 4 0 0 6 0 16 0 0 0 14 0 2 15 12 0
0 3 13 0 0 14 4 0 0 0 1 9 0 0 0 0
0 0 0 10 0 6 7 0 0 0 4 0 15 16 0 0
12 7 11 0 0 0 2 0 0 0 0 14 6 5 1 0
0 0 15 2 12 8 3 0 0 7 0 5 0 0 0 9
