0 8 0 12 0 16 0 0 4 0 9 10 0 0 0 0
0 0 2 0 0 4 0 14 0 0 0 11 15 3 0 16
0 7 0 15 0 0 3 9 14 0 8 0 0 12 0 1
0 4 0 13 11 0 0 5 12 0 0 16 0 0 9 0
0 12 15 0 9 8 0 13 6 0 0 7 0 0 0 2
0 0 0 0 0 0 0 6 0 0 4 0 0 0 7 3
0 0 5 11 4 0 14 0 0 0 0 0 0 0 0 0
7 0 8 0 0 0 0 11 16 12 10 0 13 0 0 0
0 0 0 4 0 15 7 10 13 0 0 0 0 2 0 6
0 0 0 0 0 0 0 0 0 16 0 15 1 5 0 0
12 15 0 0 0 14 0 0 1 0 0 0 0 0 0 0
3 0 0 0 2 0 0 16 11 0 6 4 0 10 8 0
0 13 0 0 6 0 0 8 2 0 0 5 9 0 10 0
15 0 10 0 0 5 0 12 8 4 0 0 2 0 1 0
5 0 9 7 13 0 0 0 15 0 14 0 0 6 0 0
0 0 0 0 15 10 0 2 0 0 13 0 3 0 5 0