0 0 0 6 2 0 0 0 0 0 0 0 5 7 0 1
0 0 5 0 0 0 4 10 0 7 16 0 15 8 0 0
12 0 8 0 15 0 13 16 0 0 14 0 0 6 9 0
0 0 11 0 0 7 1 0 0 0 12 10 0 0 0 0
0 14 0 0 1 0 0 0 10 0 0 0 2 0 0 0
0 0 12 0 0 8 0 0 0 0 13 14 0 0 0 16
10 7 16 0 0 6 2 0 8 0 1 0 0 0 0 15
0 4 1 0 16 5 0 12 9 0 2 11 13 0 8 0
0 1 0 10 8 16 0 14 5 0 3 6 0 15 2 0
7 0 0 0 0 10 0 15 0 9 8 0 0 13 3 11
2 0 0 0 3 13 0 0 0 0 4 0 0 12 0 0
0 0 0 16 0 0 0 2 0 0 0 15 0 0 6 0
0 0 0 0 13 2 0 0 0 11 7 0 0 16 0 0
0 6 2 0 0 1 0 0 15 13 0 4 0 3 0 5
0 0 3 8 0 12 15 0 16 6 0 0 0 14 0 0
1 0 7 14 0 0 0 0 0 0 0 8 11 0 0 0